[ESTRUCTURA]
[INFO]
1,2
[META]
CAMARA:0 0 400 300
[/META]
[REJILLA]
49,18,32,32,25,18,0
[CELDAS]
0,0,2 38,0,2 39,0,2 40,0,2 41,0,2 42,0,2 43,0,2 44,0,2 45,0,2 46,0,2 47,0,2 48,0,2 0,1,2 38,1,8 48,1,2 0,2,2 20,2,4 38,2,8 45,2,4 48,2,2 0,3,2 9,3,2 10,3,2 11,3,2 12,3,2 13,3,2 14,3,2 15,3,2 19,3,2 20,3,5 21,3,2 38,3,8 41,3,8 42,3,2 43,3,2 44,3,2 45,3,5 46,3,2 47,3,2 48,3,2 0,4,2 20,4,4 38,4,8 41,4,8 42,4,2 45,4,4 48,4,2 0,5,2 20,5,4 38,5,8 41,5,8 42,5,2 45,5,4 48,5,2 0,6,2 20,6,4 38,6,8 41,6,8 42,6,2 45,6,4 48,6,2 0,7,2 20,7,4 38,7,8 41,7,8 42,7,2 45,7,4 48,7,2 0,8,2 20,8,4 38,8,8 41,8,8 42,8,2 45,8,4 48,8,2 0,9,2 17,9,9 18,9,10 19,9,2 20,9,2 21,9,2 22,9,2 23,9,2 24,9,2 25,9,2 26,9,2 27,9,10 28,9,7 41,9,8 42,9,2 45,9,4 48,9,2 0,10,2 17,10,2 29,10,7 41,10,8 42,10,2 45,10,4 48,10,2 0,11,2 14,11,3 15,11,3 16,11,3 17,11,2 30,11,7 34,11,4 41,11,8 42,11,2 45,11,4 48,11,2 0,12,2 17,12,2 18,12,2 19,12,2 20,12,2 21,12,2 22,12,2 23,12,2 24,12,2 25,12,2 26,12,2 27,12,2 28,12,2 29,12,2 30,12,2 31,12,2 32,12,2 33,12,2 34,12,5 35,12,2 36,12,2 37,12,2 38,12,8 41,12,8 42,12,2 45,12,4 48,12,2 0,13,2 10,13,3 11,13,3 12,13,3 17,13,2 34,13,4 37,13,2 38,13,8 41,13,8 42,13,2 45,13,4 48,13,2 0,14,2 17,14,2 34,14,4 37,14,2 38,14,8 41,14,8 42,14,2 45,14,4 48,14,2 0,15,2 6,15,3 7,15,3 8,15,3 17,15,2 34,15,4 37,15,2 38,15,8 41,15,8 42,15,2 45,15,4 48,15,2 0,16,2 17,16,2 25,16,2 26,16,6 27,16,6 28,16,2 34,16,4 37,16,2 38,16,8 41,16,8 42,16,2 45,16,4 48,16,2 0,17,2 1,17,2 2,17,2 3,17,2 4,17,2 5,17,2 6,17,2 7,17,2 8,17,2 9,17,2 10,17,2 11,17,2 12,17,2 13,17,2 14,17,2 15,17,2 16,17,2 17,17,2 18,17,2 19,17,2 20,17,2 21,17,2 22,17,2 23,17,2 24,17,2 25,17,2 26,17,2 27,17,2 28,17,2 29,17,2 30,17,2 31,17,2 32,17,2 33,17,2 34,17,2 35,17,2 36,17,2 37,17,2 38,17,2 39,17,2 40,17,2 41,17,2 42,17,2 43,17,2 44,17,2 45,17,2 46,17,2 47,17,2 48,17,2
[LOGICA]
0
[OBJETOS]
1,64,480,1,1,1
[/ESTRUCTURA]
